19390	19390	0.6025891900062561
19062	19062	0.6964762210845947
12526	12526	0.7060124278068542
12017	12017	0.7066256999969482
19581	19581	0.7099124193191528
12069	12069	0.7143487334251404
18985	18985	0.7165546417236328
12343	12343	0.7204869985580444
23053	23053	0.7206381559371948
12053	12053	0.7240638732910156
19200	19200	0.7277052402496338
23287	23287	0.7289763689041138
20564	20564	0.7290678024291992
14521	14521	0.730089545249939
21254	21254	0.7335028648376465
20020	20020	0.7344726324081421
17134	17134	0.7360286712646484
15750	15750	0.7366936206817627
16198	16198	0.7370690107345581
15563	15563	0.7372455596923828
20447	20447	0.7373644113540649
19721	19721	0.7378396987915039
22122	22122	0.7396084070205688
20060	20060	0.7422048449516296
21518	21518	0.7440479397773743
16716	16716	0.7441666126251221
16528	16528	0.7446152567863464
20669	20669	0.7461674213409424
14346	14346	0.7463122606277466
18320	18320	0.7475682497024536
12819	12819	0.7478469610214233
21536	21536	0.748384952545166
22676	22676	0.7485819458961487
21316	21316	0.7502351403236389
17434	17434	0.7512926459312439
19354	19354	0.7519657611846924
20588	20588	0.7524541616439819
17557	17557	0.752497673034668
18719	18719	0.754180908203125
17073	17073	0.7542310357093811
14106	14106	0.7546918392181396
17706	17706	0.756622314453125
20448	20448	0.7581524848937988
19042	19042	0.7591968774795532
11769	11769	0.7595592737197876
13637	13637	0.7598753571510315
11799	11799	0.7608767747879028
12871	12871	0.7609310150146484
17098	17098	0.7615513801574707
19502	19502	0.7616952657699585
21872	21872	0.7622443437576294
16243	16243	0.762367844581604
18172	18172	0.7635982036590576
20011	20011	0.7637853622436523
12471	12471	0.7643043994903564
22785	22785	0.7644131779670715
17077	17077	0.7644940614700317
11795	11795	0.7655365467071533
18347	18347	0.7662620544433594
16447	16447	0.7670087814331055
22149	22149	0.7675186991691589
22004	22004	0.7677026391029358
17782	17782	0.7678208351135254
14020	14020	0.7679026126861572
12567	12567	0.7683529853820801
22716	22716	0.7684847116470337
19650	19650	0.7689346671104431
18886	18886	0.7693846225738525
12410	12410	0.7701914310455322
16557	16557	0.7703894972801208
22952	22952	0.7704469561576843
14848	14848	0.77057284116745
16997	16997	0.7705746293067932
23126	23126	0.7719886302947998
15197	15197	0.7720308899879456
17758	17758	0.7722432613372803
19699	19699	0.7733248472213745
19351	19351	0.773544192314148
13585	13585	0.7738091945648193
21376	21376	0.7750712633132935
23283	23283	0.7751350402832031
16024	16024	0.7751715183258057
12081	12081	0.7755546569824219
20044	20044	0.7762933373451233
15614	15614	0.776711106300354
15350	15350	0.7767279148101807
23035	23035	0.7771305441856384
13217	13217	0.7783607840538025
16504	16504	0.7788610458374023
14290	14290	0.7793211340904236
21410	21410	0.7797735929489136
16501	16501	0.7798170447349548
15844	15844	0.7801222205162048
17395	17395	0.7813071012496948
14959	14959	0.7815622091293335
16090	16090	0.7816188335418701
19755	19755	0.7822628021240234
13883	13883	0.7824106216430664
18763	18763	0.7833781242370605
13589	13589	0.7839808464050293
15845	15845	0.786352276802063
18082	18082	0.7863710522651672
22847	22847	0.786415696144104
18920	18920	0.7867408394813538
17623	17623	0.7868542671203613
19907	19907	0.7869319915771484
15897	15897	0.7869769930839539
18940	18940	0.7875471711158752
15872	15872	0.7878056764602661
16840	16840	0.7882755398750305
22221	22221	0.7886464595794678
22400	22400	0.7887409925460815
16370	16370	0.7888876795768738
22510	22510	0.789935827255249
14486	14486	0.7904174327850342
15192	15192	0.7904684543609619
22244	22244	0.7905235290527344
12073	12073	0.790765643119812
15142	15142	0.791015625
19759	19759	0.7912526726722717
15116	15116	0.7913815975189209
13609	13609	0.7915471196174622
22674	22674	0.7923871874809265
14999	14999	0.7924803495407104
16422	16422	0.7926301956176758
20348	20348	0.7926307320594788
15420	15420	0.7928279638290405
20139	20139	0.793246865272522
14991	14991	0.7932483553886414
14147	14147	0.793463408946991
22926	22926	0.7939707040786743
22192	22192	0.7942219376564026
12909	12909	0.7947501540184021
13507	13507	0.7961219549179077
22627	22627	0.7964963912963867
20589	20589	0.7972440719604492
23375	23375	0.7978650331497192
13118	13118	0.7987781167030334
22247	22247	0.798865795135498
15491	15491	0.7992756366729736
19788	19788	0.7992986440658569
14562	14562	0.7993220090866089
22490	22490	0.799402117729187
16060	16060	0.7995119094848633
12460	12460	0.7997678518295288
14764	14764	0.8001434206962585
20821	20821	0.8001935482025146
20234	20234	0.8003605604171753
12734	12734	0.800723671913147
21617	21617	0.8007831573486328
11950	11950	0.8008708953857422
16070	16070	0.8010885715484619
21722	21722	0.8016465902328491
21439	21439	0.8027397990226746
22625	22625	0.8041862845420837
16816	16816	0.8049056529998779
13646	13646	0.8052336573600769
22154	22154	0.805498480796814
22390	22390	0.8065190315246582
13834	13834	0.8072506189346313
17265	17265	0.8078376650810242
21578	21578	0.8088498115539551
22285	22285	0.809260368347168
16195	16195	0.8103355169296265
16054	16054	0.8104236125946045
13144	13144	0.8104899525642395
16266	16266	0.811392068862915
13728	13728	0.8119045495986938
17538	17538	0.8126307725906372
20583	20583	0.8130626678466797
19345	19345	0.8131731748580933
20281	20281	0.8132119178771973
13838	13838	0.8132304549217224
12789	12789	0.8134850859642029
15999	15999	0.8135074377059937
16378	16378	0.8145701885223389
20045	20045	0.8146333694458008
19132	19132	0.8146423101425171
21814	21814	0.8147538900375366
13584	13584	0.8152124881744385
12991	12991	0.8154557943344116
22899	22899	0.8156211376190186
19229	19229	0.8165470361709595
13271	13271	0.8182129859924316
19816	19816	0.8186097145080566
21513	21513	0.8186995387077332
12190	12190	0.8188686370849609
16772	16772	0.818992018699646
14531	14531	0.819179892539978
18594	18594	0.8195042014122009
21838	21838	0.8198310732841492
22465	22465	0.820167064666748
19300	19300	0.820597767829895
20406	20406	0.8211807012557983
16888	16888	0.822641909122467
17333	17333	0.8227280378341675
20659	20659	0.823441207408905
18494	18494	0.8236075043678284
19415	19415	0.8236381411552429
23290	23290	0.8241691589355469
20579	20579	0.8247413635253906
20705	20705	0.8257753252983093
14933	14933	0.825775682926178
13576	13576	0.825854480266571
17571	17571	0.8260232210159302
14902	14902	0.8269125819206238
14697	14697	0.8269227743148804
22734	22734	0.8276509046554565
18634	18634	0.8279367089271545
21914	21914	0.827982485294342
19421	19421	0.8283994197845459
20129	20129	0.8294398784637451
22177	22177	0.8296202421188354
14600	14600	0.8299526572227478
17834	17834	0.8306115865707397
19381	19381	0.8309149742126465
13710	13710	0.8312162160873413
20551	20551	0.8314034938812256
15320	15320	0.8314676880836487
20738	20738	0.8317337036132812
17781	17781	0.8320131301879883
16565	16565	0.8320664763450623
13968	13968	0.8333272933959961
18897	18897	0.8342207670211792
23141	23141	0.8345781564712524
20081	20081	0.8358414173126221
21919	21919	0.8365840911865234
14162	14162	0.8372390270233154
16954	16954	0.837828516960144
15457	15457	0.8381516337394714
15656	15656	0.8386967182159424
18844	18844	0.839591383934021
12256	12256	0.8403880596160889
19896	19896	0.840649425983429
20453	20453	0.8408040404319763
20719	20719	0.8413572311401367
16478	16478	0.8420499563217163
22194	22194	0.8424508571624756
17755	17755	0.8424709439277649
20815	20815	0.8445138335227966
13485	13485	0.8449987173080444
17661	17661	0.8465440273284912
21918	21918	0.8473391532897949
20297	20297	0.8495926856994629
16004	16004	0.8506020903587341
12393	12393	0.8547227382659912
16626	16626	0.8577618598937988
21855	21855	0.8583589196205139
22111	22111	0.8585078716278076
12104	12104	0.8596112728118896
23148	23148	0.8660143613815308
18460	18460	0.8660359382629395
16534	16534	0.8726204633712769
